[0.2394336]
[0.22893317]
[0.19853534]
[0.20399307]
[0.22064964]
[0.3890616]
[0.407685]
[0.4313217]
[0.4320198]
[0.54163253]
[0.5355465]
[0.5346096]
[0.54775095]
[0.53538734]
[0.52421284]
[0.5097332]
[0.53408873]
[0.4893796]
[0.45650426]
[0.46507514]
[0.44127843]
[0.43644246]
[0.42387974]
[0.39244354]
[0.31668392]
[0.22358148]
[0.22138913]
[0.22122155]
[0.22982205]
[0.29771423]
[0.40364373]
[0.42951956]
[0.43721882]
[0.43125194]
[0.44533977]
[0.45227155]
[0.33608505]
[0.4271493]
[0.4457096]
[0.42894876]
[0.4251162]
[0.43491703]
[0.43153492]
[0.44419035]
[0.43466243]
[0.43974128]
[0.42861995]
[0.3990477]
[0.36252114]
[0.34528494]
[0.33957103]
[0.32776213]
[0.34102413]
[0.35551918]
[0.36102483]
[0.41687486]
[0.43392593]
[0.4345846]
[0.45539993]
[0.4480167]
[0.46057197]
[0.44856027]
[0.4543924]
[0.434213]
[0.43755758]
[0.43690035]
[0.45078865]
[0.4620824]
[0.4532181]
[0.43297425]
[0.41330585]
[0.35163185]
[0.24229355]
[0.22447549]
[0.2046269]
[0.20016116]
[0.2172684]
[0.28772572]
[0.40148613]
[0.4314076]
[0.4371546]
[0.46004894]
[0.4552702]
[0.47727224]
[0.47752422]
[0.46172127]
[0.44709912]
[0.45858032]
[0.45343325]
[0.45217714]
[0.4697964]
[0.44966987]
[0.44909966]
[0.4448909]
[0.4293837]
[0.40748802]
[0.26630712]
[0.21160431]
[0.20528284]
[0.20590483]
[0.22686602]
[0.3965455]
[0.3965455]
[0.4284871]
[0.43645045]
[0.44186017]
[0.4647295]
[0.45433593]
[0.4597159]
[0.45546684]
[0.4586698]
[0.51058453]
[0.5287184]
[0.51133734]
[0.5163065]
[0.48984757]
[0.5076205]
[0.50056005]
[0.48728672]
[0.4044865]
[0.24390885]
[0.20676075]
[0.21143174]
[0.20407307]
[0.20875868]
[0.33186656]
[0.40968624]
[0.41758016]
[0.43799493]
[0.43190148]
[0.4650745]
[0.45224157]
[0.45859352]
[0.4554629]
[0.47936913]
[0.5046478]
[0.51989365]
[0.52131003]
[0.532881]
[0.5361379]
[0.5152036]
[0.50025696]
[0.46006244]
[0.4036897]
[0.3627945]
[0.3463829]
[0.35369673]
[0.34659427]
[0.3507808]
[0.36212406]
[0.40291575]
[0.4078002]
[0.42008287]
[0.37826562]
[0.32721224]
[0.4281917]
[0.4298195]
[0.44302443]
[0.4522885]
[0.43568313]
[0.4413044]
[0.44405577]
[0.44364157]
[0.45639187]
[0.43504694]
[0.44488946]
[0.4345548]
[0.35180646]
[0.24471778]
[0.2144473]
[0.21173306]
[0.20076519]
[0.2216182]
[0.30180123]
[0.41302362]
[0.4230627]
[0.4377688]
[0.44283321]
[0.45534357]
[0.46481088]
[0.462653]
[0.4542115]
[0.45964223]
[0.42928615]
[0.44399115]
[0.44811293]
[0.45955074]
[0.48101264]
[0.44986856]
[0.44490692]
[0.45350966]
[0.41542873]
[0.39454132]
[0.27672163]
[0.22950871]
[0.21098702]
[0.23448433]
[0.4082609]
[0.4268841]
[0.4480475]
[0.46465445]
[0.4621972]
[0.4832837]
[0.4746413]
[0.47044963]
[0.46461985]
[0.45226225]
[0.4619617]
[0.4619617]
[0.47127044]
[0.46763495]
[0.45635816]
[0.4634718]
[0.45368183]
[0.4386632]
[0.3544453]
[0.24519311]
[0.23437648]
[0.22671957]
[0.21819405]
[0.23093568]
[0.27087447]
[0.4168215]
[0.45353836]
[0.46398744]
[0.46839753]
[0.48885784]
[0.49208167]
[0.49089706]
[0.507614]
[0.47120944]
[0.46552718]
[0.4774039]
[0.48277587]
[0.4735146]
[0.4942986]
[0.47401133]
[0.47193706]
[0.46373007]
[0.39386588]
